628
756
759
285
288
801
772
619
803
763
169
629
747
286
175
172
366
287
282
373
301
363
751
633
794
770
380
370
621
731
773
355
284
804
531
356
775
367
280
369
365
364
610
806
849
833
626
533
302
536
721
847
283
701
290
767
617
383
382
298
703
630
289
793
605
752
278
291
603
306
178
223
855
300
704
299
303
710
568
839
771
624
277
293
388
292
765
715
372
625
387
385
602
164
381
357
755
368
622
632
296
800
837
307
375
171
378
570
761
708
176
706
728
597
705
276
575
391
606
390
783
294
734
834
768
840
295
697
730
543
620
219
252
362
275
900
769
631
722
297
386
868
374
351
308
748
618
743
279
379
281
897
714
838
273
371
354
792
776
739
732
304
309
339
846
377
729
638
702
725
823
733
547
305
224
709
835
173
392
359
893
635
891
313
812
222
716
757
269
591
389
545
623
376
534
828
183
311
892
807
831
530
719
194
758
242
779
220
785
340
352
203
361
764
360
848
613
896
738
563
338
274
899
245
814
727
358
782
778
682
350
384
696
746
860
345
627
760
579
250
811
766
724
637
830
780
585
161
254
853
598
185
336
844
894
540
184
145
528
341
750
238
144
634
181
646
310
267
234
248
535
587
822
227
180
895
675
211
818
798
717
266
790
713
572
539
777
561
669
163
791
270
699
538
226
186
343
555
673
177
805
599
231
796
187
590
851
394
762
344
863
155
156
151
149
393
677
723
312
859
676
349
858
711
241
707
230
342
640
592
221
189
887
643
569
740
865
841
611
259
678
218
418
578
609
316
556
615
353
665
348
888
616
228
229
315
583
413
527
243
744
526
546
548
690
397
712
873
877
396
260
551
741
159
564
190
786
720
784
335
138
878
119
407
419
268
337
698
118
726
584
191
237
685
672
671
595
832
735
399
607
130
395
749
560
165
670
829
143
663
332
414
700
134
416
754
614
140
600
687
257
256
889
133
596
236
142
641
566
774
255
264
129
573
217
689
314
347
333
852
168
695
412
795
883
346
400
225
843
146
174
594
398
272
810
781
322
718
251
271
244
182
850
683
544
890
680
125
666
872
565
886
126
323
836
821
667
604
154
876
885
401
541
317
402
842
880
417
403
532
802
128
132
136
195
249
874
826
608
694
856
787
686
123
870
681
861
405
188
415
679
150
816
788
554
571
529
152
233
518
334
691
235
239
581
559
674
240
636
408
318
124
612
789
588
131
192
137
121
642
825
324
542
884
523
845
148
127
406
485
645
421
576
331
898
881
139
552
212
549
200
258
601
736
745
879
489
261
404
737
656
166
668
557
246
864
693
644
320
253
424
647
537
519
147
167
141
684
328
409
206
817
577
513
135
808
321
422
329
162
158
411
580
247
325
198
869
157
420
330
114
201
522
488
649
410
120
262
753
866
659
153
664
423
202
319
797
648
215
815
550
520
813
688
232
827
197
639
524
199
216
692
515
809
820
525
327
882
208
593
113
207
205
160
867
204
265
179
657
650
574
742
196
655
486
115
871
170
854
101
490
862
857
875
567
799
500
498
505
517
425
497
562
122
509
213
117
496
589
263
651
326
103
100
487
475
819
426
586
512
503
493
429
116
824
494
495
521
582
504
102
193
210
662
483
658
491
478
558
474
106
479
214
484
511
516
482
507
660
480
506
652
209
108
107
111
501
553
514
472
105
508
428
499
110
502
430
654
438
653
104
436
477
457
455
476
433
452
661
109
435
437
467
112
462
434
473
432
468
461
431
427
481
439
465
440
469
449
443
456
451
466
510
447
458
454
492
464
441
460
459
442
446
450
448
470
453
471
445
444
463