590
589
591
588
592
587
593
586
594
810
585
809
811
595
808
584
812
583
596
807
813
597
582
806
814
581
805
598
580
804
599
815
579
600
816
803
817
578
818
577
802
601
819
602
801
576
603
820
800
821
604
192
193
575
799
191
822
605
194
574
195
798
190
823
196
573
606
797
189
824
197
607
188
796
825
187
198
572
608
795
186
826
571
199
185
794
827
609
570
184
200
793
610
792
183
828
201
569
791
611
829
182
202
568
790
203
181
789
830
180
612
567
204
831
205
179
788
206
178
613
787
832
177
566
207
614
176
786
833
565
175
208
615
785
564
834
174
784
209
616
563
173
835
210
617
836
783
211
172
562
212
618
782
171
837
213
170
169
781
619
561
214
168
838
560
215
167
780
620
216
839
166
559
621
217
165
779
164
558
622
840
218
163
623
778
219
557
841
162
220
777
407
406
410
396
408
409
411
405
161
404
624
414
412
390
398
403
419
413
397
394
393
395
399
221
392
415
402
389
401
400
391
417
416
418
222
386
387
776
421
420
842
160
388
385
380
423
381
382
384
422
383
379
378
377
376
425
424
427
426
375
480
428
429
442
430
447
438
440
441
431
556
223
443
439
159
433
481
436
444
482
479
475
446
432
445
373
476
478
372
435
843
434
437
450
458
457
451
489
477
705
473
486
472
474
707
374
456
704
487
449
702
708
365
701
706
703
364
453
485
459
467
700
460
709
484
483
465
454
488
468
455
452
463
461
697
464
699
696
368
471
698
462
470
366
367
369
314
370
693
692
224
469
312
316
310
315
317
319
363
694
311
347
371
338
293
466
691
339
336
448
300
344
313
343
340
303
309
337
690
307
296
294
301
308
333
295
695
345
322
361
321
306
346
331
328
341
298
360
348
353
356
358
332
342
357
351
297
355
335
299
354
302
359
323
320
329
334
352
330
304
350
324
327
362
325
775
318
326
349
305
710
844
490
292
225
555
711
291
625
158
689
774
491
157
226
227
845
712
554
156
290
846
773
688
626
228
492
553
155
289
154
847
713
687
229
153
288
287
772
552
230
627
493
714
286
848
686
152
231
551
771
849
628
151
285
629
284
232
715
685
494
150
770
850
630
283
550
100
716
282
233
495
684
717
234
149
549
101
631
683
235
718
281
851
769
496
148
548
280
236
102
279
237
147
719
103
768
278
632
238
682
277
276
852
497
239
146
275
104
720
767
274
273
145
105
547
240
853
241
681
243
633
106
242
498
144
900
721
272
766
244
107
271
270
499
269
143
680
268
245
899
765
247
246
266
267
248
722
249
634
265
264
500
546
854
764
855
250
251
263
108
898
856
763
252
142
723
254
253
679
259
262
724
109
261
260
897
141
635
258
255
257
256
857
501
110
725
762
545
678
112
726
111
858
896
114
544
140
115
677
113
636
859
727
761
137
502
138
139
116
117
543
895
136
503
760
120
118
119
135
728
759
134
860
542
894
133
132
676
504
637
125
127
729
758
121
126
131
130
638
861
122
124
128
129
893
541
892
123
505
757
675
730
862
639
731
891
890
863
756
540
506
732
640
733
755
889
674
864
754
888
641
507
887
734
753
539
673
865
866
886
508
642
752
735
884
885
643
736
672
750
509
867
538
751
749
747
876
875
748
510
883
871
881
880
882
874
737
872
868
877
870
873
746
879
869
511
739
671
738
743
740
878
745
744
670
537
742
741
644
645
536
512
669
535
646
668
534
513
647
514
517
533
667
515
648
518
520
531
532
519
522
530
666
523
521
516
649
664
663
524
665
650
529
662
652
651
653
528
526
660
525
527
659
658
654
661
657
656
655