value
3.729866253275242460e+00
3.238887992244674940e+00
2.550348751309162054e+00
2.844214364078306190e+00
1.836052816890314077e+00
2.214051209392565056e+00
2.454914938588494966e+00
2.865138932588434884e+00
3.940470198727810569e+00
4.147428386018166435e+00
3.325921644918020448e+00
3.021545766781594367e+00
2.620351598521172498e+00
4.296427405196990179e+00
4.278714203279684547e+00
3.029143695767316569e+00
3.930109006559293405e+00
3.025359959823681777e+00
4.339478466061302164e+00
2.054277000622775518e+00
3.320238592102431774e+00
2.826495460105481250e+00
4.007201088401721734e+00
3.981104604753181953e+00
2.158375346622955604e+00
3.377539989552688304e+00
4.022066189857349094e+00
4.348759426215428547e+00
3.194559667355580057e+00
4.103488684489757787e+00
4.353045587070972111e+00
3.302857184119827316e+00
5.070449905266310786e+00
3.959715831705992173e+00
2.746477566871211806e+00
3.138742760657871056e+00
4.289515198999810153e+00
3.485925473114275697e+00
3.096887390898281911e+00
3.303386327167355585e+00
2.770909197891733289e+00
4.504139587688887225e+00
3.652955294594621538e+00
3.193416429146629820e+00
2.238084391487348945e+00
2.316838504983058211e+00
3.400704851232455361e+00
4.509669021317933790e+00
4.165163801634097496e+00
1.973003379004562241e+00
3.863362881808757088e+00
2.210970499571294656e+00
1.824568303820527815e+00
3.508402609219445800e+00
5.401915019909722560e+00
2.505526151588702621e+00
1.621019485641413738e+00
3.375722115557194147e+00
2.787711409633859994e+00
3.866789400885033867e+00
3.546462953544493590e+00
2.328941998541655956e+00
2.392566292293766494e+00
1.735101414793912333e+00
2.442985531076155237e+00
2.517990313817691117e+00
1.593422498804123011e+00
4.128469184916857770e+00
2.182372897825658242e+00
3.036434326820046881e+00
2.827072996244571090e+00
4.538402098482026581e+00
2.551810960657524330e+00
3.346861191717726669e+00
2.616415821498233818e+00
2.813500180616927526e+00
3.332685108809746222e+00
3.859524514155902697e+00
3.946964975391042962e+00
5.189229274046232021e-01
3.048817482279390312e+00
5.397638635157370857e+00
3.525107042278866398e+00
4.311422482443415305e+00
2.230567267639188334e+00
3.206599008266850515e+00
3.776932461978612210e+00
2.635367167108686015e+00
3.123425026846052610e+00
1.787657477452776922e+00
3.206549404192298613e+00
2.484445521792199685e+00
2.759614698360856266e+00
2.771016999898864519e+00
2.358017011702410848e+00
4.266166350137281071e+00
2.243002939794378481e+00
4.572659062202931501e+00
3.850979178487301535e+00
2.365428749361629723e+00
3.188011990207197499e+00
9.481570601162281342e-01
2.045502227002521600e+00
3.674517746504936344e+00
3.316353081115145596e+00
3.996334293061588827e+00
2.402832277517768844e+00
2.457797383015337900e+00
-1.169551522947971378e-01
1.309402575858329643e+00
3.846377913043866226e+00
4.022201545538434786e+00
3.753943072984593066e+00
5.331926491678943947e+00
3.828527190933504354e+00
3.808176949816063583e+00
4.473043686603869418e+00
2.063753357663223209e+00
3.711136752838461561e+00
3.517475659402378163e+00
2.421242316091403612e+00
-4.033353374136861014e-01
1.114185848134995993e+00
4.321146490878478019e+00
4.597722337095414780e+00
2.887955262709211546e+00
2.596794205925125887e+00
1.865302231819996548e+00
3.134186142069207204e+00
3.588990199812523318e+00
2.943266065024982669e+00
4.036730491335259075e+00
3.767800346851447379e+00
2.478541686234125851e+00
2.420367279728639520e+00
4.663502779272670651e+00
2.990900902055697141e+00
2.761487129527464113e+00
7.829179269873409730e-01
3.293053484044494272e+00
4.930279340817113720e+00
4.177021828954138982e+00
5.716869515107632083e+00
4.094577966541153025e+00
2.477387290597880209e+00
2.249857128398160544e+00
4.212948140202421143e+00
3.410574981706986364e+00
3.960487555347458777e+00
4.655109090130832961e+00
4.134696454385205833e+00
2.653013819386031535e+00
3.919967326273590569e+00
3.383350478685229756e+00
9.832119776500314323e-01
2.851281206963294235e+00
2.112618750752587093e+00
2.742857153470337650e+00
5.479684877364387141e+00
2.585816369160514050e+00
1.518324570845207111e+00
3.568891001932177343e+00
4.581164081649930608e+00
3.108049765390155095e+00
1.151772147603969065e+00
3.427498745050598483e+00
2.741712448926856283e+00
3.917293851501298718e+00
2.337524334324436737e+00
1.699008766677639670e+00
1.314896644440583184e+00
3.611608950870437873e+00
4.165373605178941396e+00
3.661464413425452591e+00
3.502076706653224125e+00
3.086080376938215242e+00
1.811271676480490589e+00
2.433199892618556071e+00
2.729479496094033397e+00
2.096819489293069161e+00
2.557565977256632817e+00
4.239046265154293280e+00
3.510008266240598029e+00
3.725528181145447260e+00
2.912557174333672894e+00
3.375869121498345837e+00
3.569665210405893241e+00
9.459628914048816561e-01
2.944539856563862745e+00
3.307607233142138892e+00
4.850282072836621161e+00
2.039650985121419957e+00
3.384427009387505070e+00
-3.871967393513969569e+00
-2.714390601071483555e+00
-3.055172471109439680e+00
-3.414712025582179233e+00
-3.991298700668262533e+00
-2.127958186039765387e+00
-5.128265375078973953e+00
-4.459898449123513409e+00
-3.227937450223959281e+00
-4.674416301759737991e+00
-3.007344658427467010e+00
-4.315435002453117619e+00
-2.188950072814196179e+00
-2.234476065258492294e+00
-3.414449897309210780e+00
-4.857932891997597480e+00
-4.431008378857455909e+00
-2.825021334246428317e+00
-3.605034232531602711e+00
-1.253676923371356722e+00
-3.618478428449163786e+00
-3.021390892246401449e+00
-2.855140141130518838e+00
-3.309826769889533171e+00
-3.287211536182724991e+00
-4.784734187499172897e+00
-3.157753288125590529e+00
-2.166784358439981961e+00
-3.845889270597899756e+00
-1.774798288322799289e+00
-3.110684277356058125e+00
-1.509221343457310960e+00
-4.152945830176566488e+00
-3.701756339746836488e+00
-6.297209642557950460e-01
-3.941647734796358105e+00
-3.829021044518365890e+00
-2.713934592246981303e+00
-3.305214301123441167e+00
-3.772226631548548426e+00
-5.063160820582359278e+00
-2.488235881137617955e+00
-1.674187841744712690e+00
-4.003736877121228943e+00
-1.881405148926156290e+00
-3.446813054293521361e+00
-2.742061142551349917e+00
-2.961006566654353467e+00
-2.236965085337288883e+00
-1.911887414051456568e+00
-2.604726500680903278e+00
-3.774164511074948436e+00
-3.802073829506916081e+00
-1.987570656780269118e+00
-2.086276987365371038e+00
-2.394849256977711338e+00
-3.598136970708344151e+00
-3.775125461814903272e+00
-2.766008386869684976e+00
-3.698637174845570197e+00
-3.474475732973916209e+00
-2.625317119951980249e+00
-3.860056384268288454e+00
-2.906904281610266594e+00
-2.132642225998022667e+00
-2.763821223582873632e+00
-3.760878408634051429e+00
-3.877551709757500298e+00
-2.245251743416712742e+00
-1.425377300685042536e+00
-1.031545167707088595e+00
-2.334680308978869689e+00
-2.774805096705492247e+00
-2.475978505860869205e+00
-3.929977275525648128e+00
-3.441779853255710453e+00
-3.229691181652434739e+00
-1.225131598970611524e+00
-2.799108467457232408e+00
-2.478563881387961132e+00
-3.890217551042222777e+00
-4.953022609314273517e+00
-4.818923518209794921e+00
-4.302235566756378304e+00
-4.446090032895702038e+00
-2.614029545768635998e+00
-2.864444611029154153e+00
-3.759555967678709365e+00
-2.318191876132656759e+00
-3.232468656350689251e+00
-3.646689039939005283e+00
-1.687606628970170553e+00
-1.213156764616510674e+00
-3.471752947230237751e+00
-4.114374125841884222e+00
-2.658502505571723962e+00
-3.797566224851433248e+00
-3.363853856999169167e+00
-4.083951681784696142e+00
-3.159467202231156957e+00
-3.312760761744101501e+00
-1.898035423501353236e+00
-4.148396277050234282e+00
-3.521949804831032260e+00
-3.853236167687104086e+00
-2.976492247663131252e+00
-2.138727816296893458e+00
-2.652945231818792937e+00
-4.370036439870444767e+00
-4.971048874356581493e+00
-4.052025225335491143e+00
-5.184911401527031671e+00
-5.284839656847216460e+00
-2.494637108335825193e+00
-2.991343505549903803e+00
-2.992101101698241283e+00
-2.074221533492087932e+00
-2.384122302045273312e+00
-2.157154032417642142e+00
-2.422122740364610394e+00
-5.096388723459594594e+00
-3.561624757787576367e+00
-2.851873396003059558e+00
-2.998586026633723645e+00
-3.560915881511102832e+00
-5.514169809762929475e+00
-3.223843309506412957e+00
-1.261412240099510029e+00
-4.635882546875443211e+00
-3.780657221500202336e+00
-4.885092000862603534e+00
-3.485715920423025693e+00
-3.582546210758561500e+00
-3.863822158238578552e+00
-3.021767629443821157e+00
-2.674455172813767323e+00
-4.807485475108087769e+00
-1.880132708805383634e+00
-3.812723332216563676e+00
-2.454035145805291585e+00
-3.345820674452195220e+00
-5.261708122762787099e+00
-1.974032558528555414e+00
-3.765855580025392335e+00
-2.911665689788736966e+00
-3.592851131888232796e+00
-3.827260370565928049e+00
-3.881671024149996096e+00
-4.657275280969703779e+00
-1.929168575731783797e+00
-4.114977745127253783e+00
-2.854784661509868648e+00
-4.721054150072500732e+00
-2.113905909592521226e+00
-2.707422601094946035e+00
-2.895924635701406125e+00
-5.236905779099525482e+00
-2.328962570761392126e+00
-2.762027347179376591e+00
-2.336185136200750634e+00
-2.371988692489719774e+00
-4.925208031572216427e+00
-3.040663179737331134e+00
-3.409787827024088447e+00
-3.802882561222689972e+00
-3.772657512722791040e+00
-2.742000337497198181e+00
-2.944043335911369130e+00
-3.864862506336922188e+00
-1.631886011739266173e+00
-2.315867231757673839e+00
-2.972841850633315630e+00
-4.141040875827955325e+00
-3.855541065544880741e+00
-3.018126806165723153e+00
-3.777834420883150468e+00
-3.382308449171642195e+00
-2.738196102877019644e+00
-1.158866707259559092e+00
-3.265403580571641484e+00
-3.844106487200636746e+00
-1.793220113637500113e+00
-4.015219841400913481e+00
-3.183526419238045690e+00
-2.698174600380114807e+00
-1.771642222750774431e+00
-2.310602675246473670e+00
-3.891245823542675453e+00
-3.809512803940300785e+00
-2.898033182984341316e+00
-4.647948904239125767e+00
-3.029220790917924511e+00
-2.289527753366832119e+00
-4.538896750103544875e+00
-4.191735244969565066e+00
-1.767155060344205664e+00
-2.780481452639152806e+00
-3.489020999762375563e+00
-3.756033592277687294e+00
-3.341130950345006401e+00
-3.461585326992217659e+00
-3.047995255201766618e+00
-1.810622082102555597e+00
-4.058481710350195115e+00
-5.186183079264295337e+00
-4.025257814362106501e+00
-4.483137495348859858e+00
-2.699238528344579446e+00
-4.809380847130020342e+00
-3.595271434966575086e+00
-2.945281152450204054e+00
-3.655937308606258984e+00
-4.856288745958616815e+00
-3.144842438390568429e+00
-3.830804986911771959e+00
-4.352899380825456355e+00
-3.274924245942429479e+00
-4.080680172012309370e+00
-4.806311225013032207e+00
-4.440196145460149957e+00
-4.236531791928734414e+00
-4.455353852574520879e+00
-4.966094492550066519e+00
-3.116561902187007238e+00
-4.367394343755710118e+00
-4.345367317022557963e+00
-3.320213744220487762e+00
-5.367757355835883537e+00
-4.975695021621726610e+00
-5.146162399596525105e+00
-3.309980123503190264e+00
-5.905350347963643109e+00
-5.106387298643680239e+00
-4.652629492734651429e+00
-3.892440205292373445e+00
-4.920289706915886185e+00
-4.308143531793219516e+00
-4.772298691693529271e+00
-4.482913989321524184e+00
-4.676577887277698409e+00
-3.346112084840711098e+00
-4.998985167994097978e+00
-4.904796840373442102e+00
-4.122183317029088023e+00
-2.370576798972354737e+00
-3.806613007600923027e+00
-3.643878384472313936e+00
-3.708339329340416768e+00
-4.177698976720582102e+00
-4.340409023642556541e+00
-4.683433346150946086e+00
-4.164266027906279533e+00
-3.798186090883509891e+00
-2.875471359154285977e+00
-4.574643950612318655e+00
-6.879438298953013842e+00
-4.608204528175884995e+00
-3.216954417879674288e+00
-4.949249570446425217e+00
-5.575780952038186911e+00
-4.287964097021110810e+00
-4.926933010356568943e+00
-2.618397235453189253e+00
-3.422014131673830839e+00
-3.404175384052760212e+00
-4.120951456873529928e+00
-5.222657997555795184e+00
-3.644084921653151454e+00
-4.557216441844956556e+00
-4.861552347452091638e+00
-4.480815747259908832e+00
-4.831580431012506338e+00
-3.765863590268626382e+00
-1.900656555978780027e+00
-4.798705920331420849e+00
-3.604461173238931782e+00
-5.601070513063832301e+00
-4.371039918419515224e+00
-3.737213989713203954e+00
-4.065073813609035192e+00
-4.002624633585882385e+00
-3.508492249817903641e+00
-4.106351956988113727e+00
-3.754971848464364825e+00
-3.272281462492696580e+00
-3.996263967859632338e+00
-3.003615907982859490e+00
-4.856205715876927620e+00
-3.368735357028427746e+00
-4.024484472126415469e+00
-4.214038216020206562e+00
-3.904431909281857127e+00
-3.784078122717194681e+00
-3.856636637283278990e+00
-3.602947044282487798e+00
-5.338015229177381471e+00
-5.220869974144338954e+00
-4.297767810638966957e+00
-2.186200011094532769e+00
-4.755401355841307520e+00
-4.754588513223348301e+00
-5.070048779214104684e+00
-4.643330568076099674e+00
-3.840226070504171307e+00
-6.498886181825440644e+00
-3.761907139235161068e+00
-5.322895538016323869e+00
-3.471161519241968030e+00
-4.078605876059258506e+00
-3.114181392947417581e+00
-3.638234005296101525e+00
-3.912783983852248682e+00
-5.548221305601906295e+00
-3.635986797265656989e+00
-3.836260083485783845e+00
-4.806762639877827148e+00
-3.531279788490015115e+00
-4.459216513512369140e+00
-5.158437486078672585e+00
-2.688281634998901382e+00
-5.211309355146171995e+00
-4.938062282707341488e+00
-3.957734816230666919e+00
-6.324575761672688756e+00
-5.272535298729289721e+00
-5.005446110497651091e+00
-5.244963777316947962e+00
-2.542669843374985028e+00
-5.324995284009329310e+00
-2.732485479482670954e+00
-3.648087380181338713e+00
-1.734177694475458331e+00
-4.746264730190488557e+00
-3.986762374336134229e+00
-3.869308980548835208e+00
-5.152046084889401634e+00
-5.532794193139713990e+00
-4.230596234050300275e+00
-3.380795674800575412e+00
-3.710423609321622962e+00
-4.124245270338939839e+00
-4.797181174144367510e+00
-3.249396200487260522e+00
-3.910738122427290797e+00
-5.264182374675875131e+00
-5.632849549425314351e+00
-5.582249323376056616e+00
-4.073690023702638108e+00
-3.926560297068165895e+00
-4.421699718564156001e+00
-3.401763468045041261e+00
-3.277790326924810316e+00
-5.641469198322774048e+00
-5.354569892266467512e+00
-5.634362016154820019e+00
-3.681014027614523343e+00
-3.612187989422522172e+00
-4.897477367173316942e+00
-3.196967789925253989e+00
-4.797299056670290440e+00
-2.590896372451481078e+00
-4.177899373423197282e+00
-4.069094022915644260e+00
-5.408710919963511721e+00
-4.732462548333404406e+00
-3.556929354790342668e+00
-5.049484725716795630e+00
-2.673180305878843477e+00
-5.682470335388944527e+00
-5.164274625480375747e+00
-3.319158093310695889e+00
-3.322803805416591594e+00
-3.985992773350028884e+00
-5.354375631054510087e+00
-4.945141556575664232e+00
-3.054582780782072682e+00
-4.892172242607700561e+00
-3.160857043318375581e+00
-4.238514724148371826e+00
-5.441694370230671929e+00
-4.006693595516430229e+00
-4.394335838533006466e+00
-4.741216896450367813e+00
-5.297815249363466705e+00
-2.480897031477161008e+00
-4.498036499334865823e+00
-3.277806384323887379e+00
-3.813391700906512582e+00
-2.597779631424624647e+00
-5.762175710075466917e+00
-1.084819139104095775e+00
-4.020610513687688403e+00
-4.978596753072852543e+00
-4.319570796140153490e+00
-3.398945587172995442e+00
-3.230343132103323800e+00
-4.417402697171072035e+00
3.293409618778200709e+00
1.406603117776414447e+00
4.288899116872780581e+00
5.358586408333502860e+00
5.364456164081736311e+00
3.868188621420575402e+00
3.397519276767675400e+00
4.015142797085493598e+00
3.888594784931914905e+00
2.619679757336720982e+00
3.207513936520582920e+00
5.684268791644838004e+00
3.839620603031970614e+00
2.080867047014398619e+00
3.539067872822119654e+00
3.577998309618195094e+00
5.217820880735152045e+00
4.057909242362856439e+00
3.677931107995927373e+00
4.753733017399812688e+00
2.567328875865154014e+00
3.569561267131552196e+00
5.951235442060230696e+00
5.193707593497875585e+00
3.065514547022123892e+00
3.949990451103861933e+00
4.057416346775677418e+00
2.015464710811438298e+00
4.866652289778285123e+00
4.712173454476509704e+00
3.885288989933934012e+00
4.024424142018139250e+00
2.966393058271602268e+00
3.723509590993952401e+00
5.403884532331812984e+00
6.797929933907511213e+00
4.712321889649731865e+00
5.370467747531883163e+00
2.231738518140149896e+00
2.202594772278857249e+00
4.318992897687065735e+00
3.814702282474944361e+00
5.086582953723342015e+00
3.972585521339455639e+00
4.417463018902126670e+00
4.174261416555320459e+00
4.473883189657485104e+00
5.043187814131799840e+00
2.925179965830917883e+00
4.602314927412990642e+00
4.175870715697270974e+00
3.954283411119903224e+00
4.840838530061106759e+00
3.156182464998399606e+00
6.358860219858426532e+00
3.110364827278470301e+00
5.485162850388126010e+00
5.010404120993507959e+00
4.267326531390962963e+00
4.804520910151092394e+00
4.301498157068803785e+00
5.668302688091133135e+00
3.163856292329545017e+00
4.442566793401948821e+00
5.028331815371606339e+00
4.911884837918131907e+00
3.854134300665901236e+00
4.527238169336144757e+00
3.281409142732523154e+00
4.038520918886272071e+00
4.737328718697538577e+00
5.574602302980848023e+00
3.645770934341912461e+00
3.770235144368254243e+00
3.776365811687325547e+00
5.967526497671149954e+00
3.706582832899000479e+00
5.289860697070626117e+00
4.759617507811094939e+00
3.758755220754083748e+00
4.973578439908000526e+00
5.239436122642230131e+00
3.494575725980396896e+00
4.602297341798035291e+00
3.846543887677818407e+00
2.730923514666987906e+00
5.155463132437374085e+00
4.644566404232796764e+00
3.205794820421872693e+00
1.965403775396605823e-01
3.223575527702696952e+00
2.465954246295244179e+00
4.160696149895028562e+00
3.424201593525677101e+00
5.489583088470310734e+00
4.226871105589851574e+00
5.517724119595484922e+00
6.222655131565446140e+00
5.477516506674920294e+00
5.355682098592723150e+00
3.192036057507699809e+00
3.809566151199569539e+00
4.829760135270301902e+00
4.403263816437494427e+00
2.797375331156252809e+00
6.293804341119234813e+00
4.668288025261859708e+00
4.198914837237324171e+00
3.201882561824721307e+00
3.696577311257641885e+00
3.694394329726518933e+00
4.123515779501619072e+00
4.441845587791029892e+00
4.114021010860577476e+00
3.229452440071366226e+00
4.908773186349978168e+00
3.064818494932500137e+00
4.429904446860870593e+00
4.627907134823648683e+00
2.942820727097227085e+00
3.948929139571897284e+00
2.393533239266607993e+00
4.474398619953936063e+00
3.638682804925597036e+00
4.127460263943012464e+00
3.361086071460123836e+00
3.351030459246526760e+00
4.839525079404534580e+00
4.101777855866326483e+00
4.773200565480488322e+00
2.620662292202475818e+00
4.205796927461148194e+00
3.620453461119398142e+00
6.106290422056847689e+00
4.050673804562426206e+00
5.295161882649498608e+00
4.082247546213852551e+00
4.289775825622754724e+00
3.009346448032137022e+00
3.362896542854817650e+00
5.396552368305868264e+00
4.898696377241307687e+00
5.321714872054972290e+00
3.588175533650879157e+00
2.409990291261711270e+00
2.299989055869650301e+00
4.521797315146163676e+00
3.977058895777697778e+00
5.944669977283560058e+00
4.829724534627104937e+00
3.743057058515174340e+00
5.191896654545780088e+00
5.015766242598605373e+00
3.212251340115811260e+00
4.381056135397587425e+00
4.800544031971205605e+00
5.237200872041490207e+00
4.157702488705783850e+00
3.032516618091729566e+00
4.276205829140740988e+00
3.861173960711158593e+00
5.216235863871812484e+00
4.694808923727167738e+00
5.081290996394103310e+00
3.959577545684549893e+00
4.043646220673189795e+00
4.128486218995360169e+00
4.323771057954881591e+00
2.925130130391557337e+00
3.946026350115571457e+00
3.855324630842433375e+00
4.799190662871342106e+00
4.406806318482738405e+00
3.436259146170643763e+00
3.226593319169523522e+00
4.097744197917793763e+00
3.749442883605247800e+00
4.187466575803849622e+00
4.393607224037529235e+00
5.562786726833991224e+00
5.069765940676242089e+00
4.676827002673694444e+00
5.062977175139831587e+00
4.082796058325967259e+00
4.588807914912900188e+00
3.562228809570013421e+00
3.965964963982982372e+00
4.044466803320771575e+00
4.351194127516819776e+00
4.895971958543579028e+00
4.347129721708101080e+00
3.780734833585235322e+00
3.680453034522598976e+00
5.633138818773742784e+00
3.541640794760634758e+00
4.260488054136769343e+00
3.878518813500408058e+00
3.654236561250229443e+00
5.162453689432907389e+00
4.015905156567298739e+00
2.788666368027916675e+00
3.365689437583463395e+00
2.106654018446370902e+00
3.880237905045990754e+00
4.445962255200958779e+00
3.584157241377674552e+00
4.429736501781960989e+00
4.439692576954288761e+00
4.197601884567688124e+00
4.326902087561855126e+00
3.651795372168755716e+00
4.531876336051980481e+00
4.943253791655394913e+00
5.526855062401278218e+00
3.314281127415264372e+00
3.490014363718241253e+00
5.455406449249654344e+00
3.244611225961954393e+00
3.179995638011538617e+00
3.830918239265494574e+00
-2.734994788202806948e+00
-1.166512055460155128e+00
-3.534923259790083261e+00
-3.493017792391206022e+00
-4.359087165526012164e+00
-4.712306014247577224e+00
-3.259547950681054296e+00
-1.600695918418515662e+00
-2.296652181174155594e+00
-3.652763123926989763e+00
-3.467708967501029527e+00
-2.347305103326172038e+00
-4.060342211473082052e+00
-4.073636136105617922e+00
-2.455670281052543480e+00
-2.559880202187424736e+00
-3.301241184389859473e+00
-2.794345945594814751e+00
-4.776349627078973370e+00
-2.960327381481118625e+00
-4.692894855641154273e+00
-2.505222930321384212e+00
-4.691730383126735404e+00
-2.516288645366952181e+00
-5.018503575944341932e+00
-4.124288602572816487e+00
-2.716336573137256849e+00
-4.985644041179503105e+00
-3.839460618347676046e+00
-4.600940685646619954e+00
-4.857687026525773888e+00
-4.105276395485308427e+00
-4.553291204146426630e+00
-2.340865126712581734e+00
-3.514745430083543454e+00
-4.018027213285875199e+00
-1.832022434146065804e+00
-2.986171784377510185e+00
-4.817146647068531351e+00
-2.051870193456386993e+00
-4.662058537551565962e+00
-4.973219874267264196e+00
-4.137637971779621004e+00
-2.569996161672885915e+00
-5.564226706653283117e+00
-1.017442117827682679e+00
-3.230227082742893607e+00
-3.869734391284051167e+00
-2.612216835393765813e+00
-2.653232244223918457e+00
-4.799578253592432731e+00
-2.751629341206216051e+00
-3.716860201837214106e+00
-2.532827418059954816e+00
-4.143066712566619181e+00
-4.045301617895943558e+00
-2.226454732927825919e+00
-5.251185008447476932e+00
-4.536443991519448105e+00
-3.535223974695737681e+00
-2.637305868025093591e+00
-2.978387576735904041e+00
-3.387336847329332823e+00
-3.657234326931190882e+00
-2.558530653024567503e+00
-2.479293778837014184e+00
-3.046069941803628556e+00
-3.780153029712010948e+00
-5.371648035392435183e+00
-2.842441079750656741e+00
-3.311596231135366608e+00
-4.081911681046551443e+00
-4.289896307701484446e+00
-4.220208187655291709e+00
-2.914442531877888598e+00
-4.928519104665081585e+00
-2.733211669544964195e+00
-3.045495239114458741e+00
-3.856779403142429175e+00
-3.740018575413168733e+00
-2.925801630416922094e+00
-4.270254094384637433e+00
-2.358129859020578145e+00
-3.845145641298581385e+00
-3.063426687237574608e+00
-1.870888131203676696e+00
-2.982634467092941222e+00
-3.708395253608775644e+00
-4.837754363308766514e+00
-2.837010341401616120e+00
-4.294711659496216249e+00
-2.266965437338385847e+00
-3.177488115929426815e+00
-3.051337552389987273e+00
-2.823492812616043235e+00
-3.282874896896755601e+00
-3.032121728944904504e+00
-1.818523022754664265e+00
-4.794783475819964558e+00
-2.333341090670787210e+00
-4.917199979120734810e+00
-3.149162294915480054e+00
-4.470975519854881952e+00
-3.084566365300854152e+00
-3.578155529951366098e+00
-4.806975422111571916e+00
-4.354074686965136998e+00
-2.631641939277311160e+00
-5.099922013837028700e+00
-3.663968679873518042e+00
-2.725397532209318463e+00
-3.865360100398220311e+00
-4.909641552213223292e+00
-2.148349465950927684e+00
-1.146011659727611764e+00
-2.666610265868557761e+00
-2.292747669941501698e+00
-3.870275999946652501e+00
-4.070862974878434848e+00
-3.636345067516387086e+00
-2.576959618276897679e+00
-3.117580762910151737e+00
-4.808717688771175780e+00
-4.054111280676604423e+00
-4.710304231213683579e+00
-4.540968830833065795e+00
-3.643064818732822285e+00
-4.251221104539038897e+00
-3.881465981896322859e+00
-4.516502760208483735e+00
-2.365838302468447729e+00
-3.549563534717377955e+00
-4.149496868118991877e+00
-5.568900456665740961e+00
-4.220748893279473002e+00
-3.534245158609212734e+00
-4.818379338191569161e+00
-2.599952255774300891e+00
-5.146151597753203077e+00
-3.659446355616968294e+00
-4.226880845290181377e+00
-4.025020491392202082e+00
-9.374504351287034076e-01
-3.217649482139879780e+00
-3.563111255682982481e+00
-2.284593469367941942e+00
-5.985348494239339345e+00
-3.454467698517452945e+00
-2.493063141630976531e+00
-3.727873948372985247e+00
-4.334338328301621246e+00
-2.197922314317834580e+00
-2.069938027907862299e+00
-3.678282152510548020e+00
-2.479075021685651414e+00
-3.003444382538330792e+00
-3.755296712823832372e+00
-4.037530753490889524e+00
-4.957804751599647730e+00
-3.230458471416106647e+00
-4.614329512022808721e+00
-4.304403861577404733e+00
-3.423052270596226965e+00
-2.819628115876237295e+00
-5.745700561745569424e+00
-3.751957452276442062e+00
-3.893288760010207294e+00
-1.132955402938361722e+00
-2.990715699879633593e+00
-3.060783867915608081e+00
-3.234264617530382857e+00
-2.576989497887294256e+00
-3.795617163776787262e+00
-3.340928511318364436e+00
-2.665529193967810961e+00
-3.549818791682491703e+00
-3.716993039915566399e+00
-4.474818153796142894e+00
-4.618981639186571009e+00
-1.544437266001497111e+00
-4.924084164335797098e+00
-3.328771139378228661e+00
-4.200379187899311084e+00
-1.478268515062793664e+00
-5.091880825885196415e+00
-4.063163198249815089e+00
-2.796174387480477641e+00
-3.437001545166300520e+00
-4.794034208775968864e+00
-4.006705196816445103e+00
