590
589
591
588
592
810
809
587
811
808
586
812
593
807
813
594
585
806
814
805
584
595
583
804
192
596
193
815
191
194
582
597
803
816
190
195
817
581
189
818
598
802
196
580
599
188
819
801
187
579
197
600
198
186
800
820
578
185
577
821
601
799
199
184
822
602
798
200
576
183
603
201
823
604
797
182
575
824
605
202
796
181
825
203
574
180
795
179
826
606
204
573
178
794
827
205
177
206
396
607
404
397
394
395
403
400
401
393
402
405
398
407
409
406
392
410
408
399
176
391
411
413
412
390
414
389
386
793
749
750
747
752
415
751
739
740
755
385
748
754
746
757
756
753
759
387
741
417
454
745
737
744
382
460
758
440
453
458
416
461
381
380
446
736
457
418
743
738
742
384
419
388
439
451
456
383
459
462
447
463
445
449
441
465
442
444
464
443
732
436
733
50
452
455
57
731
450
438
55
420
423
730
422
735
421
435
379
430
467
433
51
431
429
434
468
437
432
56
734
53
425
426
427
470
792
471
428
58
52
473
469
472
507
377
60
508
506
376
59
486
375
509
504
424
476
510
372
373
487
484
478
501
448
503
475
485
378
483
492
482
500
490
488
477
480
525
493
502
61
828
526
54
499
481
207
505
489
517
523
518
369
511
474
289
515
521
479
290
466
519
286
288
62
729
494
513
530
727
514
495
374
722
364
287
527
496
269
724
726
265
251
528
266
721
728
267
272
718
512
291
520
522
370
250
869
498
336
906
905
911
273
919
366
360
264
253
344
365
357
293
356
921
367
243
337
271
279
368
531
719
340
292
361
278
346
358
343
295
339
871
872
491
175
359
717
345
532
529
862
909
870
716
244
920
725
338
268
252
363
908
910
296
245
888
283
864
327
913
282
249
900
873
897
914
260
298
280
891
341
712
926
248
342
889
259
868
865
917
901
297
863
925
294
326
284
680
281
936
912
907
904
682
254
355
922
713
929
328
890
261
899
887
332
697
714
903
246
916
894
892
347
331
896
707
300
258
886
720
683
902
923
931
933
247
883
325
893
677
371
723
918
884
937
333
64
715
348
335
866
710
881
276
938
703
930
350
516
696
65
880
256
702
705
882
915
699
362
285
708
319
317
879
700
324
668
322
524
299
63
255
672
301
353
927
678
861
669
316
351
257
706
698
676
330
274
277
314
315
701
704
932
608
262
885
329
70
275
935
928
497
877
674
876
934
709
898
671
352
270
69
572
673
681
867
670
895
875
874
354
263
323
685
684
860
321
690
533
691
67
941
689
536
303
534
68
693
942
939
711
692
334
308
311
666
539
535
349
66
949
537
686
310
302
878
312
940
307
688
694
950
947
675
538
664
306
791
667
320
663
695
309
924
318
945
946
687
944
657
760
662
313
656
655
659
654
660
665
658
948
304
84
642
87
653
661
72
643
305
85
943
71
83
86
73
652
82
80
650
78
75
76
647
88
645
648
77
74
640
641
646
649
651
89
90
644
91
107
103
136
134
105
81
106
110
679
111
92
102
133
93
139
132
100
112
94
98
79
829
99
109
137
104
135
96
95
130
174
97
118
131
119
141
761
114
125
115
117
101
128
242
140
790
123
129
126
120
116
138
124
113
127
122
142
108
859
540
571
241
208
121
789
173
609
541
762
143
639
858
610
830
570
209
144
240
831
857
763
210
788
638
611
542
172
145
239
787
569
211
637
146
238
212
764
832
786
856
568
237
171
833
147
543
170
169
213
612
148
636
168
236
785
855
214
765
567
235
167
834
215
784
149
854
166
234
766
635
613
544
216
767
150
165
164
835
163
151
217
614
566
768
233
783
853
232
836
634
153
782
152
781
633
545
162
615
231
160
218
769
565
230
161
159
780
219
154
771
229
228
770
546
155
227
156
224
220
564
226
225
852
779
617
157
837
772
223
775
616
777
773
222
774
776
563
778
221
547
618
632
838
158
631
851
548
850
839
630
549
849
619
562
620
623
629
550
621
840
622
628
848
624
560
561
847
627
841
551
626
846
558
553
559
844
843
842
845
552
625
554
557
555
556