590
589
591
588
592
587
593
586
594
585
595
584
596
583
597
582
598
581
599
580
600
579
601
578
602
603
577
604
576
605
575
606
607
574
800
608
573
799
609
572
798
610
797
571
570
796
611
795
569
794
568
793
612
792
567
791
790
566
613
565
564
789
614
563
788
562
200
615
201
787
561
202
560
203
616
204
559
786
205
617
206
558
207
557
618
208
785
209
556
210
784
555
619
211
212
213
554
214
553
783
620
215
216
552
217
621
551
782
218
219
550
220
781
622
549
221
222
548
223
224
780
225
623
547
226
227
228
546
779
229
624
230
231
545
232
544
778
543
233
625
234
235
777
542
236
237
541
238
626
239
540
240
776
241
242
243
539
627
244
775
245
538
246
247
248
628
249
537
250
774
536
251
629
252
535
253
254
534
255
773
256
257
533
630
258
259
532
260
531
261
263
262
264
631
772
265
266
530
267
268
269
529
270
271
771
272
632
389
391
273
390
528
388
387
392
274
386
527
385
393
275
633
384
770
526
276
383
382
394
277
381
525
278
380
524
379
279
395
378
280
523
281
377
396
376
282
522
634
375
283
769
285
284
286
374
397
373
287
521
288
372
398
289
520
290
371
370
399
768
369
368
635
291
292
367
400
519
293
366
294
365
364
295
363
296
518
401
297
298
299
362
300
361
360
636
767
301
359
402
517
403
358
302
357
356
355
303
354
353
404
352
304
351
516
350
405
306
305
307
308
312
311
766
348
349
309
310
515
347
314
317
316
315
313
637
346
406
344
345
320
319
318
343
321
514
322
342
407
338
341
337
323
333
336
325
340
339
324
332
326
327
328
335
330
331
334
329
765
408
638
513
512
409
410
511
764
411
510
639
412
509
763
413
508
414
507
640
415
506
762
416
417
505
504
418
641
503
502
419
501
761
420
500
421
422
499
423
642
760
498
424
643
497
425
496
759
426
495
427
494
428
429
493
758
430
644
431
492
491
432
490
433
489
645
434
757
435
488
436
487
486
485
437
438
484
483
439
646
482
440
481
441
756
442
480
443
479
478
444
445
477
476
475
474
647
446
473
755
472
447
471
449
450
470
448
466
453
465
464
468
452
469
451
454
467
455
463
456
460
458
457
459
462
461
754
648
649
753
650
752
751
651
750
652
749
653
748
654
747
655
746
656
657
745
658
744
743
659
742
660
741
661
740
662
663
739
664
738
665
737
666
736
735
667
734
668
733
669
732
670
731
671
730
672
729
673
728
674
675
727
726
676
677
725
724
678
679
723
722
680
681
721
720
682
719
683
718
684
717
685
716
715
686
714
713
687
712
711
688
690
709
689
710
691
707
706
708
692
694
693
704
698
696
700
699
705
703
701
702
697
695